Points
0.785649 0.996708
0.769074 0.127238
0.64178 0.287798
0.603677 0.0291967
0.0990388 0.470107
0.173809 0.688097
0.941677 0.849065
0.410955 0.429594
0.846189 0.639884
0.163419 0.25426
+
OptimalPoint
0.517432 0.767654
+
Circumcenters
0.640325 0.155904
0.266011 0.534653
0.421591 0.188134
0.908364 0.368408
2.11556 0.186815
0.517432 0.767654
0.517252 0.765136
0.754897 0.807943
0.631187 0.529327
0.248139 0.397054
0.402597 0.178991
+
Triangles
0.769074,0.127238 0.64178,0.287798 0.603677,0.0291967
0.0990388,0.470107 0.410955,0.429594 0.173809,0.688097
0.64178,0.287798 0.410955,0.429594 0.603677,0.0291967
0.64178,0.287798 0.769074,0.127238 0.846189,0.639884
0.769074,0.127238 0.941677,0.849065 0.846189,0.639884
0.785649,0.996708 0.173809,0.688097 0.846189,0.639884
0.173809,0.688097 0.410955,0.429594 0.846189,0.639884
0.785649,0.996708 0.846189,0.639884 0.941677,0.849065
0.64178,0.287798 0.846189,0.639884 0.410955,0.429594
0.0990388,0.470107 0.163419,0.25426 0.410955,0.429594
0.603677,0.0291967 0.410955,0.429594 0.163419,0.25426
+
Edges
0.640325,0.155904 0.421591,0.188134
0.640325,0.155904 0.908364,0.368408
0.266011,0.534653 0.517252,0.765136
0.266011,0.534653 0.248139,0.397054
0.421591,0.188134 0.640325,0.155904
0.421591,0.188134 0.631187,0.529327
0.421591,0.188134 0.402597,0.178991
0.908364,0.368408 0.640325,0.155904
0.908364,0.368408 2.11556,0.186815
0.908364,0.368408 0.631187,0.529327
2.11556,0.186815 0.908364,0.368408
2.11556,0.186815 0.754897,0.807943
0.517432,0.767654 0.517252,0.765136
0.517432,0.767654 0.754897,0.807943
0.517252,0.765136 0.266011,0.534653
0.517252,0.765136 0.517432,0.767654
0.517252,0.765136 0.631187,0.529327
0.754897,0.807943 2.11556,0.186815
0.754897,0.807943 0.517432,0.767654
0.631187,0.529327 0.421591,0.188134
0.631187,0.529327 0.908364,0.368408
0.631187,0.529327 0.517252,0.765136
0.248139,0.397054 0.266011,0.534653
0.248139,0.397054 0.402597,0.178991
0.402597,0.178991 0.421591,0.188134
0.402597,0.178991 0.248139,0.397054
+
